E (eV)  dos(E)      ldos(E)    ldos(E)  
-6.189  0.101E-03  0.501E-04  0.170E-06
-6.089  0.174E-01  0.862E-02  0.454E-04
-5.989  0.444E+00  0.219E+00  0.190E-02
-5.889  0.186E+01  0.913E+00  0.156E-01
-5.789  0.195E+01  0.931E+00  0.405E-01
-5.689  0.125E+01  0.568E+00  0.533E-01
-5.589  0.109E+01  0.477E+00  0.683E-01
-5.489  0.743E+00  0.313E+00  0.567E-01
-5.389  0.915E+00  0.372E+00  0.840E-01
-5.289  0.680E+00  0.272E+00  0.662E-01
-5.189  0.510E+00  0.198E+00  0.562E-01
-5.089  0.866E+00  0.330E+00  0.101E+00
-4.989  0.542E+00  0.205E+00  0.650E-01
-4.889  0.367E+00  0.136E+00  0.467E-01
-4.789  0.690E+00  0.252E+00  0.915E-01
-4.689  0.701E+00  0.255E+00  0.935E-01
-4.589  0.336E+00  0.121E+00  0.459E-01
-4.489  0.341E+00  0.122E+00  0.473E-01
-4.389  0.776E+00  0.278E+00  0.109E+00
-4.289  0.564E+00  0.202E+00  0.790E-01
-4.189  0.312E+00  0.112E+00  0.437E-01
-4.089  0.371E+00  0.133E+00  0.513E-01
-3.989  0.823E+00  0.297E+00  0.113E+00
-3.889  0.526E+00  0.190E+00  0.714E-01
-3.789  0.408E+00  0.150E+00  0.531E-01
-3.689  0.822E+00  0.307E+00  0.103E+00
-3.589  0.110E+01  0.415E+00  0.133E+00
-3.489  0.815E+00  0.311E+00  0.950E-01
-3.389  0.170E+00  0.652E-01  0.197E-01
-3.289  0.561E-02  0.215E-02  0.647E-03
-3.189  0.263E-04  0.101E-04  0.302E-05
-3.089  0.170E-07  0.653E-08  0.196E-08
-2.989  0.151E-11  0.578E-12  0.173E-12
-2.889  0.181E-16  0.694E-17  0.208E-17
-2.789  0.000E+00  0.000E+00  0.000E+00
-2.689  0.000E+00  0.000E+00  0.000E+00
-2.589  0.000E+00  0.000E+00  0.000E+00
-2.489  0.000E+00  0.000E+00  0.000E+00
-2.389  0.000E+00  0.000E+00  0.000E+00
-2.289  0.000E+00  0.000E+00  0.000E+00
-2.189  0.000E+00  0.000E+00  0.000E+00
-2.089  0.000E+00  0.000E+00  0.000E+00
-1.989  0.000E+00  0.000E+00  0.000E+00
-1.889  0.000E+00  0.000E+00  0.000E+00
-1.789  0.000E+00  0.000E+00  0.000E+00
-1.689  0.000E+00  0.000E+00  0.000E+00
-1.589  0.000E+00  0.000E+00  0.000E+00
-1.489  0.412E-16  0.470E-17  0.156E-16
-1.389  0.298E-11  0.340E-12  0.113E-11
-1.289  0.292E-07  0.333E-08  0.111E-07
-1.189  0.390E-04  0.445E-05  0.148E-04
-1.089  0.716E-02  0.818E-03  0.272E-02
-0.989  0.187E+00  0.213E-01  0.708E-01
-0.889  0.743E+00  0.854E-01  0.281E+00
-0.789  0.719E+00  0.853E-01  0.270E+00
-0.689  0.871E+00  0.108E+00  0.322E+00
-0.589  0.417E+00  0.523E-01  0.154E+00
-0.489  0.260E+00  0.344E-01  0.941E-01
-0.389  0.195E+00  0.260E-01  0.704E-01
-0.289  0.191E+00  0.267E-01  0.678E-01
-0.189  0.774E+00  0.108E+00  0.274E+00
-0.089  0.475E+00  0.666E-01  0.168E+00
 0.011  0.631E-01  0.896E-02  0.222E-01
 0.111  0.200E+00  0.291E-01  0.699E-01
 0.211  0.228E+00  0.331E-01  0.796E-01
 0.311  0.413E-01  0.601E-02  0.144E-01
 0.411  0.188E+00  0.279E-01  0.652E-01
 0.511  0.788E+00  0.116E+00  0.273E+00
 0.611  0.448E+00  0.662E-01  0.155E+00
 0.711  0.373E-01  0.551E-02  0.129E-01
 0.811  0.757E-01  0.112E-01  0.262E-01
 0.911  0.270E+00  0.401E-01  0.933E-01
 1.011  0.131E+00  0.195E-01  0.453E-01
 1.111  0.131E-01  0.195E-02  0.455E-02
 1.211  0.160E+00  0.236E-01  0.555E-01
 1.311  0.763E+00  0.112E+00  0.265E+00
 1.411  0.492E+00  0.725E-01  0.171E+00
 1.511  0.433E-01  0.638E-02  0.150E-01
 1.611  0.209E-01  0.302E-02  0.732E-02
 1.711  0.189E+00  0.273E-01  0.661E-01
 1.811  0.237E+00  0.341E-01  0.828E-01
 1.911  0.402E-01  0.579E-02  0.141E-01
 2.011  0.112E-01  0.157E-02  0.397E-02
 2.111  0.250E+00  0.348E-01  0.884E-01
 2.211  0.818E+00  0.114E+00  0.290E+00
 2.311  0.363E+00  0.505E-01  0.129E+00
 2.411  0.220E-01  0.306E-02  0.779E-02
 2.511  0.153E-01  0.204E-02  0.553E-02
 2.611  0.168E+00  0.223E-01  0.605E-01
 2.711  0.252E+00  0.334E-01  0.907E-01
 2.811  0.511E-01  0.677E-02  0.184E-01
 2.911  0.392E-02  0.499E-03  0.143E-02
 3.011  0.114E+00  0.142E-01  0.420E-01
 3.111  0.700E+00  0.868E-01  0.258E+00
 3.211  0.581E+00  0.721E-01  0.214E+00
 3.311  0.652E-01  0.809E-02  0.240E-01
 3.411  0.346E-02  0.404E-03  0.130E-02
 3.511  0.698E-01  0.794E-02  0.263E-01
 3.611  0.267E+00  0.304E-01  0.101E+00
 3.711  0.139E+00  0.158E-01  0.523E-01
 3.811  0.985E-02  0.112E-02  0.372E-02
 3.911  0.184E-01  0.187E-02  0.714E-02
 4.011  0.334E+00  0.339E-01  0.130E+00
 4.111  0.824E+00  0.836E-01  0.320E+00
 4.211  0.275E+00  0.280E-01  0.107E+00
 4.311  0.127E-01  0.128E-02  0.492E-02
 4.411  0.159E-01  0.139E-02  0.641E-02
 4.511  0.171E+00  0.149E-01  0.688E-01
 4.611  0.250E+00  0.218E-01  0.100E+00
 4.711  0.504E-01  0.430E-02  0.203E-01
 4.811  0.120E+00  0.432E-03  0.586E-01
 4.911  0.206E+01  0.112E-01  0.101E+01
 5.011  0.633E+01  0.535E-01  0.307E+01
 5.111  0.527E+01  0.346E-01  0.256E+01
 5.211  0.333E+01  0.304E-02  0.163E+01
 5.311  0.267E+01  0.123E-02  0.131E+01
 5.411  0.263E+01  0.101E-01  0.128E+01
 5.511  0.228E+01  0.115E-01  0.110E+01
 5.611  0.223E+01  0.192E-02  0.109E+01
 5.711  0.200E+01  0.481E-02  0.969E+00
 5.811  0.292E+01  0.221E-01  0.140E+01
 5.911  0.244E+01  0.139E-01  0.117E+01
 6.011  0.269E+01  0.224E-02  0.130E+01
 6.111  0.377E+01  0.242E-02  0.181E+01
 6.211  0.341E+01  0.739E-03  0.164E+01
 6.311  0.714E+00  0.307E-04  0.343E+00
 6.411  0.248E-01  0.173E-06  0.119E-01
 6.511  0.126E-03  0.132E-09  0.606E-04
 6.611  0.897E-07  0.136E-13  0.431E-07
 6.711  0.878E-11  0.189E-18  0.422E-11
 6.811  0.117E-15  0.521E-30  0.564E-16
 6.911  0.000E+00  0.000E+00  0.000E+00
 7.011  0.000E+00  0.000E+00  0.000E+00
 7.111  0.179E-14  0.615E-15  0.207E-15
 7.211  0.777E-10  0.267E-10  0.902E-11
 7.311  0.467E-06  0.160E-06  0.543E-07
 7.411  0.391E-03  0.134E-03  0.457E-04
 7.511  0.468E-01  0.160E-01  0.549E-02
 7.611  0.836E+00  0.285E+00  0.992E-01
 7.711  0.259E+01  0.875E+00  0.317E+00
 7.811  0.227E+01  0.747E+00  0.305E+00
 7.911  0.154E+01  0.481E+00  0.237E+00
 8.011  0.130E+01  0.384E+00  0.224E+00
 8.111  0.109E+01  0.303E+00  0.209E+00
 8.211  0.108E+01  0.283E+00  0.225E+00
 8.311  0.933E+00  0.226E+00  0.216E+00
 8.411  0.103E+01  0.234E+00  0.257E+00
 8.511  0.947E+00  0.186E+00  0.265E+00
 8.611  0.162E+01  0.201E+00  0.576E+00
 8.711  0.436E+01  0.180E+00  0.192E+01
 8.811  0.511E+01  0.125E+00  0.234E+01
 8.911  0.215E+01  0.206E-01  0.101E+01
 9.011  0.188E+01  0.591E-03  0.901E+00
 9.111  0.137E+01  0.264E-05  0.654E+00
 9.211  0.121E+01  0.126E-06  0.574E+00
 9.311  0.192E+01  0.964E-04  0.903E+00
 9.411  0.289E+01  0.103E-01  0.122E+01
 9.511  0.765E+01  0.157E+00  0.299E+01
 9.611  0.946E+01  0.379E+00  0.361E+01
 9.711  0.691E+01  0.240E+00  0.271E+01
 9.811  0.219E+01  0.358E+00  0.625E+00
 9.911  0.509E+00  0.202E+00  0.449E-01
10.011  0.987E-01  0.398E-01  0.859E-02
10.111  0.263E+00  0.101E+00  0.279E-01
10.211  0.149E+00  0.572E-01  0.159E-01
10.311  0.267E-01  0.944E-02  0.356E-02
10.411  0.304E+00  0.101E+00  0.468E-01
10.511  0.826E+00  0.274E+00  0.127E+00
10.611  0.303E+00  0.101E+00  0.466E-01
10.711  0.173E-01  0.565E-02  0.273E-02
10.811  0.659E-01  0.194E-01  0.124E-01
10.911  0.265E+00  0.778E-01  0.499E-01
11.011  0.144E+00  0.423E-01  0.272E-01
11.111  0.117E-01  0.341E-02  0.223E-02
11.211  0.690E-01  0.182E-01  0.147E-01
11.311  0.593E+00  0.157E+00  0.126E+00
11.411  0.690E+00  0.182E+00  0.147E+00
11.511  0.109E+00  0.287E-01  0.232E-01
11.611  0.671E-02  0.167E-02  0.151E-02
11.711  0.944E-01  0.227E-01  0.219E-01
11.811  0.275E+00  0.660E-01  0.636E-01
11.911  0.108E+00  0.260E-01  0.251E-01
12.011  0.772E-02  0.181E-02  0.181E-02
12.111  0.979E-01  0.215E-01  0.240E-01
12.211  0.668E+00  0.146E+00  0.164E+00
12.311  0.617E+00  0.135E+00  0.151E+00
12.411  0.772E-01  0.169E-01  0.189E-01
12.511  0.122E-01  0.246E-02  0.310E-02
12.611  0.146E+00  0.291E-01  0.372E-01
12.711  0.264E+00  0.527E-01  0.672E-01
12.811  0.648E-01  0.129E-01  0.165E-01
12.911  0.209E-01  0.379E-02  0.542E-02
13.011  0.338E+00  0.606E-01  0.878E-01
13.111  0.823E+00  0.148E+00  0.214E+00
13.211  0.272E+00  0.488E-01  0.707E-01
13.311  0.272E-01  0.451E-02  0.703E-02
13.411  0.168E+00  0.259E-01  0.431E-01
13.511  0.256E+00  0.392E-01  0.652E-01
13.611  0.275E+00  0.180E-01  0.377E-01
13.711  0.191E+01  0.931E-01  0.222E+00
13.811  0.314E+01  0.144E+00  0.358E+00
13.911  0.238E+01  0.101E+00  0.276E+00
14.011  0.102E+01  0.477E-01  0.131E+00
14.111  0.988E-01  0.476E-02  0.131E-01
14.211  0.150E-02  0.721E-04  0.199E-03
14.311  0.326E-05  0.156E-06  0.431E-06