E (eV)  dos(E)      O 2p(E)    Ti 3d(E)   
-8.000  0.000E+00  0.000E+00  0.000E+00
-7.900  0.000E+00  0.000E+00  0.000E+00
-7.800  0.360E-14  0.198E-18  0.612E-16
-7.700  0.134E-09  0.777E-14  0.227E-11
-7.600  0.690E-06  0.430E-10  0.116E-07
-7.500  0.498E-03  0.346E-07  0.833E-05
-7.400  0.518E-01  0.429E-05  0.853E-03
-7.300  0.843E+00  0.934E-04  0.132E-01
-7.200  0.302E+01  0.489E-03  0.356E-01
-7.100  0.541E+01  0.914E-03  0.237E-01
-7.000  0.407E+01  0.642E-03  0.515E-02
-6.900  0.129E+01  0.242E-03  0.323E-03
-6.800  0.719E+00  0.147E-03  0.235E-04
-6.700  0.602E+00  0.153E-03  0.641E-05
-6.600  0.563E+00  0.187E-03  0.582E-03
-6.500  0.122E+01  0.297E-03  0.466E-01
-6.400  0.864E+01  0.131E-02  0.539E+00
-6.300  0.169E+02  0.313E-02  0.946E+00
-6.200  0.111E+02  0.249E-02  0.308E+00
-6.100  0.486E+01  0.103E-02  0.355E-01
-6.000  0.654E+00  0.161E-03  0.211E-02
-5.900  0.172E-01  0.524E-05  0.356E-04
-5.800  0.770E-04  0.271E-07  0.117E-06
-5.700  0.535E-07  0.203E-10  0.635E-10
-5.600  0.543E-11  0.213E-14  0.524E-14
-5.500  0.773E-16  0.309E-19  0.620E-19
-5.400  0.000E+00  0.000E+00  0.000E+00
-5.300  0.000E+00  0.000E+00  0.000E+00
-5.200  0.000E+00  0.000E+00  0.000E+00
-5.100  0.000E+00  0.000E+00  0.000E+00
-5.000  0.000E+00  0.000E+00  0.000E+00
-4.900  0.000E+00  0.000E+00  0.000E+00
-4.800  0.000E+00  0.000E+00  0.000E+00
-4.700  0.000E+00  0.000E+00  0.000E+00
-4.600  0.000E+00  0.000E+00  0.000E+00
-4.500  0.000E+00  0.000E+00  0.000E+00
-4.400  0.000E+00  0.000E+00  0.000E+00
-4.300  0.000E+00  0.000E+00  0.000E+00
-4.200  0.000E+00  0.000E+00  0.000E+00
-4.100  0.000E+00  0.000E+00  0.000E+00
-4.000  0.000E+00  0.000E+00  0.000E+00
-3.900  0.000E+00  0.000E+00  0.000E+00
-3.800  0.000E+00  0.000E+00  0.000E+00
-3.700  0.000E+00  0.000E+00  0.000E+00
-3.600  0.000E+00  0.000E+00  0.000E+00
-3.500  0.000E+00  0.000E+00  0.000E+00
-3.400  0.000E+00  0.000E+00  0.000E+00
-3.300  0.000E+00  0.000E+00  0.000E+00
-3.200  0.000E+00  0.000E+00  0.000E+00
-3.100  0.000E+00  0.000E+00  0.000E+00
-3.000  0.000E+00  0.000E+00  0.000E+00
-2.900  0.000E+00  0.000E+00  0.000E+00
-2.800  0.000E+00  0.000E+00  0.000E+00
-2.700  0.000E+00  0.000E+00  0.000E+00
-2.600  0.000E+00  0.000E+00  0.000E+00
-2.500  0.000E+00  0.000E+00  0.000E+00
-2.400  0.000E+00  0.000E+00  0.000E+00
-2.300  0.000E+00  0.000E+00  0.000E+00
-2.200  0.000E+00  0.000E+00  0.000E+00
-2.100  0.000E+00  0.000E+00  0.000E+00
-2.000  0.000E+00  0.000E+00  0.000E+00
-1.900  0.000E+00  0.000E+00  0.000E+00
-1.800  0.000E+00  0.000E+00  0.000E+00
-1.700  0.199E-13  0.755E-15  0.328E-15
-1.600  0.596E-09  0.226E-10  0.981E-11
-1.500  0.246E-05  0.929E-07  0.404E-07
-1.400  0.141E-02  0.532E-04  0.231E-04
-1.300  0.115E+00  0.432E-02  0.188E-02
-1.200  0.141E+01  0.527E-01  0.228E-01
-1.100  0.316E+01  0.115E+00  0.495E-01
-1.000  0.246E+01  0.826E-01  0.350E-01
-0.900  0.190E+01  0.558E-01  0.229E-01
-0.800  0.180E+01  0.464E-01  0.182E-01
-0.700  0.205E+01  0.458E-01  0.161E-01
-0.600  0.473E+01  0.963E-01  0.166E-01
-0.500  0.134E+02  0.265E+00  0.243E-01
-0.400  0.139E+02  0.235E+00  0.408E-01
-0.300  0.739E+01  0.912E-01  0.316E-01
-0.200  0.406E+01  0.248E-01  0.125E-01
-0.100  0.296E+01  0.730E-02  0.760E-02
 0.000  0.648E+00  0.945E-03  0.152E-02
 0.100  0.247E-01  0.264E-04  0.518E-04
 0.200  0.144E-03  0.125E-06  0.269E-06
 0.300  0.123E-06  0.914E-10  0.203E-09
 0.400  0.150E-10  0.979E-14  0.220E-13
 0.500  0.257E-15  0.150E-18  0.338E-18
 0.600  0.000E+00  0.000E+00  0.000E+00
 0.700  0.000E+00  0.000E+00  0.000E+00
 0.800  0.000E+00  0.000E+00  0.000E+00
 0.900  0.000E+00  0.000E+00  0.000E+00
 1.000  0.000E+00  0.000E+00  0.000E+00
 1.100  0.000E+00  0.000E+00  0.000E+00
 1.200  0.000E+00  0.000E+00  0.000E+00
 1.300  0.000E+00  0.000E+00  0.000E+00
 1.400  0.000E+00  0.000E+00  0.000E+00
 1.500  0.000E+00  0.000E+00  0.000E+00
 1.600  0.000E+00  0.000E+00  0.000E+00
 1.700  0.000E+00  0.000E+00  0.000E+00
 1.800  0.000E+00  0.000E+00  0.000E+00
 1.900  0.000E+00  0.000E+00  0.000E+00
 2.000  0.000E+00  0.000E+00  0.000E+00
 2.100  0.000E+00  0.000E+00  0.000E+00
 2.200  0.000E+00  0.000E+00  0.000E+00
 2.300  0.000E+00  0.000E+00  0.000E+00
 2.400  0.000E+00  0.000E+00  0.000E+00
 2.500  0.000E+00  0.000E+00  0.000E+00
 2.600  0.000E+00  0.000E+00  0.000E+00
 2.700  0.000E+00  0.000E+00  0.000E+00
 2.800  0.000E+00  0.000E+00  0.000E+00
 2.900  0.000E+00  0.000E+00  0.000E+00
 3.000  0.000E+00  0.000E+00  0.000E+00
 3.100  0.000E+00  0.000E+00  0.000E+00
 3.200  0.000E+00  0.000E+00  0.000E+00
 3.300  0.000E+00  0.000E+00  0.000E+00
 3.400  0.000E+00  0.000E+00  0.000E+00
 3.500  0.000E+00  0.000E+00  0.000E+00
 3.600  0.000E+00  0.000E+00  0.000E+00
 3.700  0.000E+00  0.000E+00  0.000E+00
 3.800  0.000E+00  0.000E+00  0.000E+00
 3.900  0.000E+00  0.000E+00  0.000E+00
 4.000  0.000E+00  0.000E+00  0.000E+00
 4.100  0.000E+00  0.000E+00  0.000E+00
 4.200  0.000E+00  0.000E+00  0.000E+00
 4.300  0.000E+00  0.000E+00  0.000E+00
 4.400  0.145E-13  0.369E-14  0.320E-20
 4.500  0.369E-09  0.938E-10  0.117E-15
 4.600  0.129E-05  0.329E-06  0.655E-12
 4.700  0.630E-03  0.160E-03  0.604E-09
 4.800  0.436E-01  0.111E-01  0.990E-07
 4.900  0.456E+00  0.116E+00  0.339E-05
 5.000  0.883E+00  0.225E+00  0.337E-04
 5.100  0.634E+00  0.162E+00  0.154E-03
 5.200  0.475E+00  0.122E+00  0.500E-03
 5.300  0.449E+00  0.115E+00  0.399E-02
 5.400  0.691E+00  0.169E+00  0.631E-01
 5.500  0.147E+01  0.343E+00  0.248E+00
 5.600  0.229E+01  0.523E+00  0.514E+00
 5.700  0.335E+01  0.742E+00  0.950E+00
 5.800  0.289E+01  0.647E+00  0.798E+00
 5.900  0.197E+01  0.450E+00  0.509E+00
 6.000  0.192E+01  0.449E+00  0.443E+00
 6.100  0.156E+01  0.370E+00  0.346E+00
 6.200  0.156E+01  0.381E+00  0.310E+00
 6.300  0.164E+01  0.408E+00  0.293E+00
 6.400  0.173E+01  0.427E+00  0.284E+00
 6.500  0.274E+01  0.681E+00  0.383E+00
 6.600  0.339E+01  0.879E+00  0.317E+00
 6.700  0.585E+01  0.159E+01  0.281E+00
 6.800  0.628E+01  0.172E+01  0.293E+00
 6.900  0.992E+01  0.261E+01  0.783E+00
 7.000  0.150E+02  0.397E+01  0.120E+01
 7.100  0.860E+01  0.239E+01  0.483E+00
 7.200  0.203E+01  0.536E+00  0.172E+00
 7.300  0.995E+00  0.247E+00  0.116E+00
 7.400  0.156E+01  0.404E+00  0.120E+00
 7.500  0.348E+01  0.906E+00  0.293E+00
 7.600  0.655E+01  0.169E+01  0.749E+00
 7.700  0.596E+01  0.157E+01  0.632E+00
 7.800  0.408E+01  0.111E+01  0.349E+00
 7.900  0.383E+01  0.108E+01  0.252E+00
 8.000  0.355E+01  0.103E+01  0.192E+00
 8.100  0.375E+01  0.112E+01  0.142E+00
 8.200  0.489E+01  0.152E+01  0.103E+00
 8.300  0.603E+01  0.193E+01  0.596E-01
 8.400  0.350E+01  0.111E+01  0.326E-01
 8.500  0.161E+01  0.504E+00  0.253E-01
 8.600  0.349E+01  0.108E+01  0.672E-01
 8.700  0.820E+01  0.252E+01  0.171E+00
 8.800  0.748E+01  0.230E+01  0.177E+00
 8.900  0.611E+01  0.188E+01  0.155E+00
 9.000  0.605E+01  0.188E+01  0.140E+00
 9.100  0.702E+01  0.222E+01  0.103E+00
 9.200  0.730E+01  0.234E+01  0.463E-01
 9.300  0.432E+01  0.140E+01  0.661E-02
 9.400  0.212E+01  0.699E+00  0.218E-03
 9.500  0.312E+00  0.103E+00  0.256E-05
 9.600  0.741E-02  0.245E-02  0.173E-07
 9.700  0.253E-04  0.837E-05  0.305E-10
 9.800  0.121E-07  0.401E-08  0.922E-14
 9.900  0.802E-12  0.265E-12  0.421E-18
10.000  0.723E-17  0.239E-17  0.268E-23
10.100  0.000E+00  0.000E+00  0.000E+00
10.200  0.000E+00  0.000E+00  0.000E+00
10.300  0.000E+00  0.000E+00  0.000E+00
10.400  0.102E-14  0.394E-19  0.945E-15
10.500  0.569E-10  0.387E-14  0.529E-10
10.600  0.439E-06  0.536E-10  0.408E-06
10.700  0.472E-03  0.106E-06  0.439E-03
10.800  0.728E-01  0.309E-04  0.677E-01
10.900  0.171E+01  0.137E-02  0.159E+01
11.000  0.705E+01  0.107E-01  0.658E+01
11.100  0.725E+01  0.261E-01  0.678E+01
11.200  0.358E+01  0.411E-01  0.326E+01
11.300  0.180E+01  0.402E-01  0.158E+01
11.400  0.208E+01  0.619E-01  0.177E+01
11.500  0.153E+01  0.487E-01  0.130E+01
11.600  0.171E+01  0.657E-01  0.142E+01
11.700  0.183E+01  0.741E-01  0.151E+01
11.800  0.135E+01  0.571E-01  0.112E+01
11.900  0.195E+01  0.937E-01  0.158E+01
12.000  0.152E+01  0.714E-01  0.123E+01
12.100  0.176E+01  0.925E-01  0.142E+01
12.200  0.185E+01  0.988E-01  0.148E+01
12.300  0.187E+01  0.106E+00  0.149E+01
12.400  0.212E+01  0.125E+00  0.168E+01
12.500  0.260E+01  0.162E+00  0.205E+01
12.600  0.303E+01  0.196E+00  0.237E+01
12.700  0.197E+01  0.123E+00  0.155E+01
12.800  0.123E+01  0.706E-01  0.971E+00
12.900  0.161E+01  0.746E-01  0.131E+01
13.000  0.554E+01  0.906E-01  0.490E+01
13.100  0.901E+01  0.128E+00  0.801E+01
13.200  0.542E+01  0.203E+00  0.457E+01
13.300  0.354E+01  0.176E+00  0.288E+01
13.400  0.133E+01  0.459E-01  0.112E+01
13.500  0.771E+00  0.213E-01  0.652E+00
13.600  0.920E+00  0.293E-01  0.765E+00
13.700  0.841E+00  0.298E-01  0.693E+00
13.800  0.460E+00  0.189E-01  0.371E+00
13.900  0.106E+01  0.472E-01  0.844E+00
14.000  0.620E+00  0.281E-01  0.490E+00
14.100  0.575E+00  0.301E-01  0.432E+00
14.200  0.144E+01  0.556E-01  0.807E+00
14.300  0.272E+01  0.275E-01  0.359E+00
14.400  0.374E+01  0.598E-01  0.675E+00
14.500  0.283E+01  0.566E-01  0.616E+00
14.600  0.205E+01  0.533E-01  0.510E+00
14.700  0.265E+01  0.881E-01  0.834E+00
14.800  0.207E+01  0.710E-01  0.704E+00
14.900  0.248E+01  0.111E+00  0.104E+01
15.000  0.224E+01  0.824E-01  0.650E+00
15.100  0.122E+01  0.393E-01  0.218E+00
15.200  0.126E+01  0.684E-01  0.378E+00
15.300  0.151E+01  0.508E-01  0.189E+00
15.400  0.151E+01  0.624E-01  0.329E+00
15.500  0.104E+01  0.623E-01  0.274E+00
15.600  0.137E+01  0.699E-01  0.278E+00
15.700  0.175E+01  0.744E-01  0.332E+00
15.800  0.161E+01  0.802E-01  0.296E+00
15.900  0.288E+01  0.864E-01  0.370E+00
16.000  0.426E+01  0.120E+00  0.462E+00
16.100  0.422E+01  0.129E+00  0.455E+00
16.200  0.329E+01  0.884E-01  0.141E+00
16.300  0.240E+01  0.560E-01  0.201E-01
16.400  0.187E+01  0.321E-01  0.384E-01
16.500  0.226E+01  0.117E+00  0.484E+00
16.600  0.460E+01  0.308E+00  0.134E+01
16.700  0.350E+01  0.185E+00  0.727E+00
16.800  0.203E+01  0.565E-01  0.137E+00
16.900  0.209E+01  0.456E-01  0.749E-01
17.000  0.247E+01  0.487E-01  0.600E-01
17.100  0.194E+01  0.326E-01  0.187E-01
17.200  0.141E+01  0.216E-01  0.387E-02
17.300  0.494E+00  0.606E-02  0.966E-03
17.400  0.132E+01  0.472E-02  0.718E-02
17.500  0.296E+01  0.144E-01  0.334E-01
17.600  0.282E+01  0.646E-02  0.879E-01
17.700  0.506E+01  0.388E-02  0.276E+00
17.800  0.647E+01  0.160E-01  0.372E+00
17.900  0.418E+01  0.352E-01  0.213E+00
18.000  0.401E+01  0.810E-01  0.143E+00
18.100  0.505E+01  0.149E+00  0.130E+00