 E (eV)   dos(E)  
-8.000  0.1249E-84
-7.900  0.1249E-84
-7.800  0.1249E-84
-7.700  0.1249E-84
-7.600  0.1249E-84
-7.500  0.1249E-84
-7.400  0.1249E-84
-7.300  0.1262E-84
-7.200  0.1441E-74
-7.100  0.1297E-63
-7.000  0.1583E-53
-6.900  0.2619E-44
-6.800  0.5884E-36
-6.700  0.1795E-28
-6.600  0.7451E-22
-6.500  0.4216E-16
-6.400  0.3267E-11
-6.300  0.3488E-07
-6.200  0.5195E-04
-6.100  0.1100E-01
-6.000  0.3432E+00
-5.900  0.1729E+01
-5.800  0.2023E+01
-5.700  0.1297E+01
-5.600  0.1114E+01
-5.500  0.7666E+00
-5.400  0.8900E+00
-5.300  0.7300E+00
-5.200  0.4926E+00
-5.100  0.8446E+00
-5.000  0.5916E+00
-4.900  0.3659E+00
-4.800  0.6342E+00
-4.700  0.7531E+00
-4.600  0.3466E+00
-4.500  0.3278E+00
-4.400  0.7285E+00
-4.300  0.6247E+00
-4.200  0.3123E+00
-4.100  0.3474E+00
-4.000  0.7901E+00
-3.900  0.5779E+00
-3.800  0.3923E+00
-3.700  0.7611E+00
-3.600  0.1101E+01
-3.500  0.8772E+00
-3.400  0.2190E+00
-3.300  0.8862E-02
-3.200  0.5118E-04
-3.100  0.4097E-07
-3.000  0.4491E-11
-2.900  0.6701E-16
-2.800  0.1357E-21
-2.700  0.3722E-28
-2.600  0.1383E-35
-2.500  0.6954E-44
-2.400  0.4734E-53
-2.300  0.4362E-63
-2.200  0.5555E-74
-2.100  0.1251E-64
-2.000  0.1820E-54
-1.900  0.3583E-45
-1.800  0.9547E-37
-1.700  0.3442E-29
-1.600  0.1680E-22
-1.500  0.1110E-16
-1.400  0.9928E-12
-1.300  0.1204E-07
-1.200  0.1988E-04
-1.100  0.4511E-02
-1.000  0.1444E+00
-0.900  0.6974E+00
-0.800  0.7320E+00
-0.700  0.8630E+00
-0.600  0.4804E+00
-0.500  0.2498E+00
-0.400  0.2171E+00
-0.300  0.1577E+00
-0.200  0.7245E+00
-0.100  0.5501E+00
 0.000  0.7330E-01
 0.100  0.1758E+00
 0.200  0.2473E+00
 0.300  0.5099E-01
 0.400  0.1442E+00
 0.500  0.7433E+00
 0.600  0.5229E+00
 0.700  0.5156E-01
 0.800  0.5903E-01
 0.900  0.2592E+00
 1.000  0.1557E+00
 1.100  0.1541E-01
 1.200  0.1204E+00
 1.300  0.7103E+00
 1.400  0.5676E+00
 1.500  0.6156E-01
 1.600  0.1522E-01
 1.700  0.1641E+00
 1.800  0.2543E+00
 1.900  0.5339E-01
 2.000  0.8033E-02
 2.100  0.1954E+00
 2.200  0.7931E+00
 2.300  0.4356E+00
 2.400  0.3248E-01
 2.500  0.1076E-01
 2.600  0.1430E+00
 2.700  0.2654E+00
 2.800  0.6665E-01
 2.900  0.3755E-02
 3.000  0.8358E-01
 3.100  0.6343E+00
 3.200  0.6516E+00
 3.300  0.9059E-01
 3.400  0.3238E-02
 3.500  0.5373E-01
 3.600  0.2547E+00
 3.700  0.1634E+00
 3.800  0.1426E-01
 3.900  0.1208E-01
 4.000  0.2691E+00
 4.100  0.8228E+00
 4.200  0.3405E+00
 4.300  0.1918E-01
 4.400  0.1108E-01
 4.500  0.1461E+00
 4.600  0.2640E+00
 4.700  0.6512E-01
 4.800  0.8022E-01
 4.900  0.1657E+01
 5.000  0.6047E+01
 5.100  0.5566E+01
 5.200  0.3439E+01
 5.300  0.2726E+01
 5.400  0.2613E+01
 5.500  0.2328E+01
 5.600  0.2238E+01
 5.700  0.1969E+01
 5.800  0.2860E+01
 5.900  0.2496E+01
 6.000  0.2625E+01
 6.100  0.3623E+01
 6.200  0.3656E+01
 6.300  0.9167E+00
 6.400  0.3881E-01
 6.500  0.2431E-03
 6.600  0.2139E-06
 6.700  0.2589E-10
 6.800  0.4279E-15
 6.900  0.9625E-21
 7.000  0.1305E-20
 7.100  0.5095E-15
 7.200  0.2733E-10
 7.300  0.2026E-06
 7.400  0.2095E-03
 7.500  0.3077E-01
 7.600  0.6705E+00
 7.700  0.2470E+01
 7.800  0.2375E+01
 7.900  0.1593E+01
 8.000  0.1320E+01
 8.100  0.1095E+01
 8.200  0.1098E+01
 8.300  0.9194E+00
 8.400  0.1050E+01
 8.500  0.9226E+00
 8.600  0.1492E+01
 8.700  0.3985E+01
 8.800  0.5347E+01
 8.900  0.2366E+01
 9.000  0.1850E+01
 9.100  0.1463E+01
 9.200  0.1148E+01
 9.300  0.1888E+01
 9.400  0.2593E+01
 9.500  0.7151E+01
 9.600  0.9478E+01
 9.700  0.7426E+01
 9.800  0.2533E+01
 9.900  0.6119E+00
10.000  0.1000E+00
10.100  0.2484E+00
10.200  0.1744E+00
10.300  0.2641E-01
10.400  0.2433E+00
10.500  0.8165E+00
10.600  0.3711E+00
10.700  0.2420E-01
10.800  0.5061E-01
10.900  0.2511E+00
11.000  0.1693E+00
11.100  0.1606E-01
11.200  0.4884E-01
11.300  0.5181E+00
11.400  0.7466E+00
11.500  0.1456E+00
11.600  0.6654E-02
11.700  0.7487E-01
11.800  0.2698E+00
11.900  0.1316E+00
12.000  0.9822E-02
12.100  0.7093E-01
12.200  0.5986E+00
12.300  0.6845E+00
12.400  0.1060E+00
12.500  0.9568E-02
12.600  0.1217E+00
12.700  0.2727E+00
12.800  0.8276E-01
12.900  0.1563E-01
13.000  0.2729E+00
13.100  0.8234E+00
13.200  0.3364E+00
13.300  0.2896E-01
13.400  0.1428E+00
13.500  0.2679E+00
13.600  0.2268E+00
13.700  0.1658E+01
13.800  0.3155E+01
13.900  0.2479E+01
14.000  0.1187E+01
14.100  0.1380E+00
14.200  0.2565E-02
14.300  0.6871E-05
14.400  0.2564E-08
14.500  0.1314E-12
14.600  0.9187E-18
14.700  0.8732E-24
14.800  0.1126E-30
14.900  0.1967E-38
15.000  0.4655E-47
15.100  0.1491E-56
15.200  0.6468E-67
15.300  0.3797E-78
15.400  0.1249E-84
15.500  0.1249E-84
15.600  0.1249E-84
15.700  0.1249E-84
15.800  0.1249E-84
15.900  0.1249E-84
16.000  0.1249E-84
16.100  0.1249E-84
16.200  0.1249E-84
16.300  0.1249E-84
16.400  0.1249E-84
16.500  0.1249E-84
16.600  0.1249E-84
16.700  0.1249E-84
16.800  0.1249E-84
16.900  0.1249E-84
17.000  0.1249E-84
17.100  0.1249E-84
17.200  0.1249E-84
17.300  0.1249E-84
17.400  0.1249E-84
17.500  0.1249E-84
17.600  0.1249E-84
17.700  0.1249E-84
17.800  0.1249E-84
17.900  0.1249E-84
18.000  0.1249E-84